Epoch	Train Loss	Val Loss	Val mAP@0.5	XY Loss	WH Loss	Obj Loss	NoObj Loss	Class Loss	Time	LR
1	36.6554	13.5244	0.0000	3.4858	1.5582	1.7063	23.5205	6.3847	108.50	0.000199
2	14.9642	8.6715	0.0000	3.0862	1.1245	2.7439	3.3420	4.6675	108.26	0.000399
4	11.1606	7.5017	0.0000	2.9261	0.6999	3.0849	1.9100	2.5397	111.12	0.000799
5	10.4625	7.0592	0.0000	2.9013	0.6183	3.0886	1.8260	2.0283	249.52	0.000999
6	10.1875	7.0055	0.0000	2.9175	0.5735	3.1296	1.8006	1.7663	109.20	0.000999
7	9.7289	6.8382	0.0000	2.8663	0.5200	3.1049	1.7783	1.4594	109.21	0.000997
8	9.5449	6.6971	0.0000	2.8553	0.4935	3.1105	1.7758	1.3098	109.17	0.000995
9	9.3375	6.6676	0.0000	2.8192	0.4754	3.0907	1.7586	1.1936	108.41	0.000991
10	9.2060	6.5723	0.0000	2.8306	0.4461	3.0877	1.7548	1.0869	244.05	0.000987
11	9.1490	6.6150	0.0000	2.8222	0.4338	3.0996	1.7595	1.0339	108.07	0.000981
12	9.0853	6.5678	0.0000	2.8184	0.4322	3.0922	1.7534	0.9891	108.81	0.000975
13	9.0053	6.4450	0.0000	2.8134	0.4050	3.1030	1.7658	0.9181	108.94	0.000968
14	8.8821	6.5003	0.0000	2.7722	0.3905	3.0741	1.7512	0.8941	108.73	0.000959
15	8.8392	6.5095	0.0000	2.7638	0.3789	3.0647	1.7490	0.8827	250.81	0.000950
16	8.8432	6.4329	0.0000	2.7856	0.3775	3.0819	1.7623	0.8359	108.21	0.000940
17	8.7617	6.3972	0.0000	2.7615	0.3638	3.0582	1.7563	0.8219	108.09	0.000929
18	8.6223	6.4130	0.0000	2.7170	0.3551	3.0255	1.7401	0.7846	108.97	0.000917
19	8.7067	6.4721	0.0000	2.7487	0.3608	3.0461	1.7587	0.7923	109.12	0.000905
20	8.6957	6.4531	0.0000	2.7423	0.3507	3.0448	1.7594	0.7985	245.84	0.000891
21	8.7459	6.3965	0.0000	2.7554	0.3467	3.0767	1.7775	0.7897	108.01	0.000877
22	8.7776	6.3044	0.0000	2.7749	0.3459	3.0654	1.7852	0.8062	109.02	0.000862
23	8.7084	6.2856	0.0000	2.7419	0.3402	3.0545	1.7802	0.7916	108.27	0.000846
24	8.6924	6.3169	0.0000	2.7535	0.3407	3.0453	1.7881	0.7648	109.38	0.000830
25	8.6548	6.2649	0.0000	2.7148	0.3360	3.0441	1.7802	0.7796	247.90	0.000813
26	8.5760	6.3575	0.0000	2.7256	0.3323	3.0032	1.7695	0.7454	108.30	0.000795
27	8.5280	6.2451	0.0000	2.7112	0.3218	2.9834	1.7718	0.7397	108.39	0.000777
28	8.7320	6.1907	0.0000	2.7729	0.3253	3.0608	1.8135	0.7594	108.28	0.000758
29	8.5714	6.1699	0.0000	2.7234	0.3187	2.9961	1.7962	0.7370	108.56	0.000739
30	8.5108	6.1507	0.0001	2.7068	0.3176	2.9760	1.7867	0.7238	264.98	0.000719
31	8.4883	6.2410	0.0001	2.7060	0.3129	2.9565	1.7844	0.7284	108.03	0.000699
32	8.5758	6.1591	0.0001	2.7346	0.3151	2.9827	1.8043	0.7390	108.56	0.000678
33	8.5440	6.1162	0.0001	2.7040	0.3133	2.9794	1.8121	0.7352	108.89	0.000657
34	8.4598	6.1355	0.0001	2.6864	0.3139	2.9375	1.7986	0.7235	108.59	0.000636
35	8.4734	6.1071	0.0001	2.6854	0.3115	2.9432	1.8103	0.7230	263.99	0.000615
36	8.4119	6.0751	0.0001	2.6857	0.3070	2.9124	1.7972	0.7095	108.19	0.000593
37	8.3967	6.1214	0.0001	2.6756	0.3035	2.9037	1.8026	0.7112	108.94	0.000571
38	8.3352	6.0300	0.0001	2.6729	0.3028	2.8792	1.7913	0.6890	108.26	0.000549
39	8.2402	6.0059	0.0001	2.5990	0.2971	2.8597	1.7900	0.6943	108.30	0.000527
40	8.3944	5.9916	0.0007	2.6682	0.3022	2.8906	1.8100	0.7234	259.86	0.000505
41	8.3960	6.0653	0.0007	2.6431	0.3013	2.9058	1.8212	0.7247	108.17	0.000482
42	8.4034	6.0507	0.0007	2.6537	0.3007	2.8958	1.8279	0.7254	108.44	0.000460
43	8.3412	5.9974	0.0007	2.6523	0.2963	2.8630	1.8200	0.7096	109.10	0.000438
44	8.2849	5.9828	0.0007	2.6252	0.2899	2.8506	1.8102	0.7090	109.09	0.000416
45	8.3405	6.0023	0.0006	2.6485	0.2985	2.8741	1.8228	0.6968	267.79	0.000395
46	8.2621	5.9855	0.0006	2.6273	0.2967	2.8272	1.8123	0.6987	108.51	0.000373
47	8.3558	5.9369	0.0006	2.6347	0.2974	2.8644	1.8355	0.7239	108.58	0.000352
48	8.2216	5.9552	0.0006	2.5997	0.2909	2.8192	1.8143	0.6974	109.16	0.000331
49	8.2636	5.9338	0.0006	2.6186	0.2919	2.8364	1.8238	0.6929	109.14	0.000310
50	8.1940	5.9066	0.0011	2.5782	0.2896	2.8116	1.8162	0.6985	278.29	0.000290
51	8.1309	5.8940	0.0011	2.5677	0.2866	2.7903	1.8105	0.6759	110.28	0.000270
52	8.2571	5.9871	0.0011	2.6209	0.2874	2.8408	1.8366	0.6713	108.32	0.000251
53	8.2311	6.0285	0.0011	2.6118	0.2873	2.8172	1.8304	0.6844	108.64	0.000232
54	8.2337	5.8939	0.0011	2.6176	0.2864	2.7965	1.8274	0.7058	108.17	0.000214
55	8.1742	5.8683	0.0011	2.5644	0.2865	2.8087	1.8245	0.6900	271.07	0.000196
56	8.3197	5.9469	0.0011	2.6326	0.2877	2.8395	1.8609	0.6989	108.24	0.000179
57	8.0707	5.9531	0.0011	2.5456	0.2805	2.7613	1.8111	0.6722	108.40	0.000163
58	8.1056	5.8652	0.0011	2.5496	0.2856	2.7757	1.8194	0.6752	109.05	0.000147
59	8.0705	5.8676	0.0011	2.5405	0.2779	2.7480	1.8134	0.6908	108.66	0.000132
60	8.2083	5.8580	0.0014	2.5810	0.2862	2.8072	1.8469	0.6871	274.44	0.000118
61	5.3777	5.8223	0.0014	1.6698	0.2117	1.8127	1.2129	0.4706	102.63	0.000104
62	5.3391	5.7938	0.0014	1.6657	0.2082	1.7997	1.2006	0.4649	103.82	0.000092
63	5.2925	5.7922	0.0014	1.6628	0.2030	1.7879	1.1860	0.4529	105.23	0.000080
64	5.3515	5.7727	0.0014	1.6844	0.2047	1.8032	1.1928	0.4663	103.34	0.000069
65	5.3122	5.7794	0.0011	1.6666	0.2003	1.8032	1.1899	0.4522	283.52	0.000059
